121
72
139
58
85
40
187
169
181
39
55
57
192
60
74
71
67
199
65
8
54
64
131
48
3
122
103
194
69
11
113
111
117
175
56
158
147
173
170
198
81
123
151
191
179
21
59
97
108
145
104
148
37
163
184
50
115
180
102
125
146
140
62
89
17
168
166
44
4
6
150
196
193
143
112
98
177
79
126
135
161
185
63
26
41
86
45
20
172
134
171
73
159
88
7
51
35
127
61
116
101
128
176
109
190
107
1
105
30
142
14
49
130
182
82
167
53
110
183
137
160
46
34
141
186
25
47
156
83
144
174
129
164
52
33
5
99
197
96
12
165
13
153
152
78
149
76
90
114
18
133
132
136
70
43
84
28
36
75
178
119
16
100
2
31
77
157
24
19
106
154
32
124
66
93
15
94
10
68
188
